-2.25824 -2.45116 1.24054 -5.97558 1.49939 7.32967 9.52808 0.139805 2.00549 -4.70452 -1.46398 -4.06777 7.97741 7.54823 -8.00305 
-0.12622 -0.401913 1.94011 -1.38671 2.18426 5.69666 6.37344 0.521721 2.37628 -1.52469 -0.310267 -3.73194 4.93256 6.85603 -4.25188 
1.58131 1.79933 2.4528 1.89755 2.64812 4.30639 3.68953 0.880895 2.46548 1.25956 0.761383 -0.626132 2.58672 4.04035 0.165732 
2.99794 3.34249 2.60424 4.22437 2.58253 2.66077 1.30767 1.46349 2.18573 3.53902 1.98365 2.05251 0.647611 2.05183 4.34538 
3.48364 3.99298 2.57648 5.04321 2.36443 1.46268 0.0475991 2.03127 1.96022 4.58872 2.84968 3.9099 -0.110748 0.632424 6.27295 
2.72302 3.58486 2.35228 4.66187 2.02967 0.859692 -0.48638 2.42134 1.81836 3.766 3.09678 4.72848 -0.362919 0.266986 5.64951 
1.93682 2.44654 2.061 2.72795 1.78855 0.793069 -0.0460599 2.57585 1.82871 2.14433 2.9076 4.92096 0.682823 1.02117 4.61916 
1.41262 1.37989 1.84058 1.14572 1.64422 1.12832 1.18648 2.46028 1.88308 0.961366 2.32362 3.24148 2.21741 1.6371 3.44999 
1.11532 0.827402 1.78153 0.336243 1.74375 1.77412 2.10849 2.29776 1.92458 0.473048 1.81702 1.72179 3.19302 2.16623 1.93121 
1.07226 1.14621 1.82367 0.736041 1.84701 2.3062 2.73638 2.00093 1.99135 0.803211 1.5274 0.827979 3.56692 2.46411 0.882139 
1.72862 1.43625 1.87076 1.65751 2.02645 2.63308 2.81225 1.79316 2.04331 1.57005 1.67226 0.855378 3.39539 2.57613 0.29387 
2.22947 1.84131 1.98975 2.35579 2.14656 2.44547 2.34876 1.70794 2.07053 2.22466 1.9672 1.5853 3.10527 2.60542 0.767445 
2.46538 2.12498 2.07612 2.71502 2.20032 2.08144 1.9404 1.85157 2.06407 2.61928 2.17525 2.29593 2.61124 2.32855 1.42546 
2.43297 2.30815 2.11291 2.73311 2.10381 1.79396 1.66026 1.97548 2.03201 2.55511 2.23071 2.70777 2.07763 2.03803 2.13179 
2.30062 2.31713 2.08326 2.48851 2.00488 1.70574 1.59863 2.07002 2.00365 2.37953 2.22827 2.55332 1.70178 1.83391 2.54043 
2.07558 2.14754 2.0398 2.00069 1.93507 1.82183 1.70258 2.0939 1.9822 2.18218 2.1474 2.05633 1.47902 1.75712 2.7155 
1.86804 1.95371 2.00003 1.65917 1.89826 1.97785 1.8574 2.05143 1.97636 1.95933 2.05826 1.67568 1.55919 1.83186 2.51107 
1.77541 1.8454 1.9722 1.61055 1.91171 2.09607 2.0251 2.00051 1.98526 1.81698 1.9755 1.57802 1.85796 2.00335 2.12795 
1.78693 1.81508 1.96346 1.83464 1.96441 2.13742 2.1317 1.96478 1.99466 1.81049 1.92525 1.61072 2.15755 2.1225 1.77154 
1.91801 1.85003 1.96733 2.03892 2.01483 2.11703 2.13097 1.95504 2.00528 1.84645 1.92094 1.6733 2.35147 2.14148 1.57452 
2.05519 1.9424 1.9853 2.15235 2.0427 2.06472 2.07627 1.97299 2.00996 1.91903 1.94531 1.83298 2.29442 2.09536 1.48611 
2.14928 2.0307 2.00117 2.19342 2.04246 1.98863 1.98628 1.99785 2.0068 1.9952 1.98843 1.99505 2.20248 2.02569 1.58008 
2.14848 2.0834 2.01177 2.08443 2.02897 1.93849 1.92496 2.01644 2.00072 2.04993 2.02459 2.10932 2.11976 1.96777 1.87093 
2.13284 2.09459 2.01342 1.98791 2.00905 1.90585 1.91276 2.023 1.99629 2.0557 2.0415 2.11532 2.01034 1.93161 2.11016 
2.06111 2.03623 2.01163 1.92568 1.993 1.89505 1.95217 2.02311 1.99402 2.0264 2.04091 2.06048 1.92991 1.92587 2.25794 
1.98296 1.97677 2.00326 1.91822 1.98475 1.91771 2.01421 2.0108 1.99346 1.9958 2.01981 1.98386 1.91753 1.97111 2.29476 
1.92904 1.93819 1.99533 1.95337 1.98743 1.97451 2.04739 1.99659 1.9932 1.97451 1.99 1.93552 1.93143 2.01356 2.18298 
1.92835 1.91848 1.99216 1.98468 1.99123 2.0278 2.04248 1.98879 1.99593 1.96919 1.97038 1.92885 1.95637 2.03915 1.97792 
1.9691 1.95242 1.99154 2.01132 1.99544 2.0598 2.02348 1.992 1.99988 1.97803 1.9723 1.94923 1.98981 2.03336 1.84582 
2.00129 2.00517 1.99673 2.0275 1.99945 2.06215 1.99739 1.99713 2.00271 1.98916 1.98551 1.9724 2.01472 2.01557 1.80084 
2.02326 2.04118 2.00231 2.03585 2.00253 2.05 1.98017 2.00219 2.00304 1.99847 1.99575 1.99855 2.02203 1.99345 1.81178 
2.02676 2.05255 2.00567 2.0286 2.00409 2.02435 1.97224 2.00485 2.00127 2.00565 2.00428 2.01757 2.01245 1.98089 1.8749 
2.01131 2.0567 2.00488 2.00904 2.00313 1.99651 1.97506 2.00621 1.99942 2.00666 2.00717 2.02864 2.00435 1.98276 1.92995 
1.99908 2.03418 2.003 1.99065 2.00154 1.97712 1.99119 2.00366 1.99858 2.00637 2.0047 2.02394 1.99718 1.98695 2.00051 
1.99062 2.0099 2.00048 1.98269 2.00024 1.9716 2.00427 1.99954 1.99881 2.00262 2.00084 2.00567 1.99383 1.9966 2.04985 
1.9895 1.98795 1.99847 1.9819 1.99925 1.98247 2.01093 1.99685 1.99907 1.99845 1.99797 1.99072 1.99405 2.00528 2.06145 
1.99428 1.97643 1.99772 1.99237 1.99905 1.9985 2.01415 1.99612 1.99986 1.99618 1.99758 1.98355 1.99618 2.00801 2.05128 
1.9986 1.98031 1.99776 2.002 1.9995 2.00974 2.0131 1.99657 2.00046 1.99536 1.9976 1.98351 1.99822 2.00494 2.02527 
2.00241 1.99699 1.99829 2.00838 2.0001 2.01135 2.00942 1.99867 2.00053 1.99638 1.99925 1.9857 2.00024 2.00128 1.99301 
2.00426 2.01047 1.99956 2.01039 2.00051 2.00546 2.00133 2.00083 2.0003 1.99785 2.00051 1.99774 2.00159 1.99801 1.97541 
2.00328 2.01869 2.00067 2.00775 2.00058 1.99794 1.99507 2.00213 2 1.99973 2.00116 2.00755 2.00177 1.9964 1.9806 
2.00045 2.01153 2.00131 2.00259 2.00027 1.99286 1.99354 2.00217 1.99979 2.00118 2.00102 2.01198 2.00134 1.99746 1.99035 
1.99826 2.00188 2.00119 1.99733 2 1.98952 1.99374 2.00108 1.99974 2.0015 2.00084 2.01219 2.00054 1.99942 1.99829 
1.99715 1.99439 2.00089 1.99492 1.99981 1.9944 1.9977 1.99968 1.99978 2.00096 2.00048 2.00708 1.99983 2.00101 2.00467 
1.99799 1.99071 2.0002 1.99532 1.99972 2.00173 2.00203 1.99885 1.99994 2.00047 2.00022 2.00122 1.99936 2.0018 2.0079 
1.99974 1.98981 1.99961 1.99927 1.99978 2.00613 2.00474 1.99885 2.00008 1.99993 1.99999 1.99656 1.99907 2.00163 2.00737 
2.0011 1.99499 1.99945 2.00265 1.99987 2.00524 2.00456 1.99926 2.00017 1.99959 1.99984 1.99553 1.9993 2.00049 2.00429 
2.00167 2.00017 1.99961 2.00425 1.99998 2.00165 2.0032 1.99993 2.00018 1.99937 1.99981 1.99604 1.99987 1.99957 2.00009 
2.00098 2.0037 1.99981 2.00436 2.00006 1.9985 2.00127 2.00041 2.00008 1.99948 1.9999 1.99764 2.00031 1.99908 1.99711 
2.00003 2.00419 2.00001 2.00111 2.00009 1.99678 1.9994 2.00051 2 1.9998 1.99998 2.00042 2.00044 1.9991 1.99552 
1.99936 2.00283 2.00015 1.99815 2.00011 1.99748 1.99831 2.00054 1.99994 2.00014 2.00005 2.00236 2.00018 1.99961 1.99709 
1.99913 2.00055 2.00014 1.99701 2.00007 1.99958 1.99793 2.00026 1.99991 2.00027 2.00005 2.0032 1.99991 1.99997 1.9989 
1.99915 1.99888 2.00007 1.99728 2.00004 2.00121 1.99866 1.99992 1.99993 2.00032 2.00004 2.00208 1.99977 2.00022 2.00047 
1.99945 1.998 1.99999 1.99824 2 2.00191 1.99964 1.99972 1.99996 2.00023 2.00001 2.00063 1.99973 2.00032 2.00145 
1.99982 1.99776 1.99994 1.9993 1.99997 2.00127 2.00041 1.99969 2.00001 2.00003 1.99999 1.99944 1.99974 2.00014 2.00147 
2.00014 1.99826 1.99994 2.00044 1.99996 2.0002 2.00075 1.99987 2.00004 1.99989 1.99997 1.99891 1.99985 1.99999 2.00129 
2.00029 1.99902 1.99995 2.00122 1.99997 1.99936 2.00064 2.00001 2.00004 1.99982 1.99997 1.99902 1.99995 1.99988 2.0002 
2.00026 1.99993 1.99997 2.00112 1.99998 1.99923 2.00032 2.0001 2.00003 1.99979 1.99999 1.99965 2.00004 1.99986 1.99943 
2.00008 2.00058 2 2.00028 1.99999 1.99969 2.00001 2.00013 2.00002 1.99981 2 2.00014 2.00011 1.99986 1.99896 
1.99994 2.00077 2.00002 1.99954 2.00001 2.00016 1.99978 2.0001 1.99999 1.99989 2.00001 2.00047 2.00014 1.99995 1.99924 
1.99989 2.00055 2.00003 1.99934 2.00002 2.00043 1.99968 2.00005 1.99998 2.00001 2.00002 2.00046 2.00013 2.00003 1.99963 
1.99989 2.00025 2.00002 1.99964 2.00001 2.00055 1.99973 2.00001 1.99998 2.0001 2.00001 2.00016 2.0001 2.00008 1.99999 
1.99994 1.99993 2.00001 1.99997 2.00001 2.00033 1.99981 1.99998 2 2.00012 2 1.99993 2.00007 2.00005 2.00025 
2 1.99971 1.99999 2.00021 2 2.00017 1.9999 1.99997 2.00001 2.00014 1.99999 1.9998 2.00002 2 2.00029 
2.00004 1.99969 1.99999 2.00022 1.99999 2.00004 2.00003 1.99998 2.00002 2.00011 1.99999 1.99977 1.99998 1.99997 2.00018 
2.00005 1.99973 1.99999 2.00018 1.99999 1.99993 2.00011 2 2.00001 2.00007 1.99999 1.9998 1.99995 1.99996 2.00005 
2.00004 1.99991 1.99999 2.00006 1.99999 1.99988 2.00016 2.00001 2 2.00003 2 1.99985 1.99995 1.99997 1.99995 
2.00001 2.00005 2 1.99995 2 1.9999 2.00008 2.00001 1.99999 2 2 1.99991 1.99997 2 1.9999 
1.99999 2.00014 2 1.99989 2 1.99995 1.99999 2.00001 1.99999 1.99997 2 1.99997 1.99999 2.00002 1.99991 
1.99998 2.00018 2 1.9999 2 2.00001 1.99994 2.00001 1.99999 1.99996 2 2.00003 2.00001 2.00003 1.99996 
1.99998 2.00019 2 1.99997 2 2.00004 1.99994 2 2 1.99998 2 2.00005 2.00001 2.00002 2.00002 
1.99998 2.00018 2 2.00002 2 2.00006 1.99998 2 2 2.00001 2 2.00006 2.00002 2.00001 2.00005 
1.99999 2.00013 2 2.00005 2 2.00003 2.00002 2 2.00001 2.00002 2 2.00005 2.00002 1.99999 2.00006 
2 2.00005 2 2.00007 2 2 2.00004 2 2.00001 2.00002 2 2.00003 2.00001 1.99999 2.00003 
2.00001 1.99998 2 2.00005 2 1.99998 2.00003 2 2 2.00001 2 2 2 1.99999 1.99999 
2.00001 1.99995 2 2.00002 2 1.99997 2.00001 2 2 2 2 1.99999 2 2 1.99997 
2 1.99994 2 2 2 1.99999 1.99999 2 2 1.99999 2 1.99998 1.99999 2.00001 1.99996 
2 1.99994 2 1.99998 2 2 1.99998 2 2 1.99998 2 1.99999 1.99999 2.00001 1.99998 
2 1.99995 2 1.99998 2 2.00001 1.99998 2 2 1.99998 2 2 1.99999 2 2 
2 1.99999 2 1.99997 2 2.00002 1.99998 2 2 1.99999 2 2 1.99999 2 2.00002 
2 2.00002 2 1.99999 2 2.00001 1.99998 2 2 2 2 2.00001 2 2 2.00002 
2 2.00003 2 2 2 2 1.99999 2 2 2 2 2.00001 2 2 2.00003 
2 2.00002 2 2.00001 2 1.99999 2 2 2 2.00001 2 2.00001 2 2 2.00002 
2 2 2 2.00002 2 1.99999 2 2 2 2.00001 2 2 2 2 2.00001 
2 1.99999 2 2.00002 2 1.99999 2.00001 2 2 2 2 2 2 2 2 
2 1.99999 2 2.00001 2 2 2 2 2 2 2 2 2 2 1.99999 
2 1.99999 2 2 2 2 2 2 2 2 2 2 2 2 1.99999 
2 2 2 1.99999 2 2 2 2 2 2 2 2 2 2 2 
2 2 2 1.99999 2 2 2 2 2 2 2 2 2 2 2 
2 2.00001 2 1.99999 2 2 2 2 2 2 2 2 2 2 2.00001 
2 2.00001 2 2 2 2 2 2 2 2 2 2 2 2 2.00001 
2 2.00001 2 2 2 2 2 2 2 2 2 2 2 2 2 
2 2 2 2 2 2 2 2 2 2 2 2 2 2 2 
2 2 2 2 2 2 2 2 2 2 2 2 2 2 2 
2 2 2 2 2 2 2 2 2 2 2 2 2 2 2 
2 2 2 2 2 2 2 2 2 2 2 2 2 2 2 
2 2 2 2 2 2 2 2 2 2 2 2 2 2 2 
2 2 2 2 2 2 2 2 2 2 2 2 2 2 2 
2 2 2 2 2 2 2 2 2 2 2 2 2 2 2 
2 2 2 2 2 2 2 2 2 2 2 2 2 2 2 
